


%%Figura 4. Sadas e sinais de controle dos eixos X e Y
SenorFilterX = [1.70011250633470e-08 3.36642129973106e-07 2.86172492783562e-06 1.50161860716679e-05 5.68711521894354e-05 0.000169987189960855 0.000424981754642285 0.000925285876677621 0.00180605565177882 0.00322854504224736 0.00537101082285841 0.00841742799638980 0.0125449951023054 0.0179108268769191 0.0246380899456562 0.0328025387739715 0.0424211206747408 0.0534441101009036 0.0657515728315303 0.0791548199694380 0.0934034504355367 0.108197526596212 0.123203077094034 0.138069003857815 0.152444326107188 0.165995232803903 0.178421281657282 0.189469764825322 0.198947263959814 0.206727709854316 0.212756443117709 0.217049911596787 0.219691091333242 0.220821283470347 0.220629174282190 0.219337935696725 0.217191111562531 0.214438280683456 0.211321469782342 0.208062909259295 0.204854894648885 0.201853020058200 0.199173569998326 0.196894621136687 0.195059669048302 0.193682595923793 0.192753098687952 0.192242033687969 0.192106400129954 0.192293894145376 0.192747142602511 0.193407674625442 0.194219299170107 0.195130375408408 0.196094999058498 0.197073697902966 0.198033921567389 0.198950060446148 0.199803063830676 0.200580268506000 0.201275513039461 0.201888767392817 0.202424761854275 0.202890928971142 0.203295243047924 0.203644354098593 0.203942255632339 0.204189635237533 0.204383953440425 0.204520166178207 0.204591952800948 0.204593506326602 0.204521972919110 0.204379893498024 0.204176336998381 0.203926048698744 0.203647244118971 0.203359390663631 0.203082000867089 0.202834233793182 0.202634106518212 0.202496516269699 0.202430432922272 0.202436402372412 0.202505544748316 0.202620519986197 0.202758001561856 0.202891802628324 0.202995962561553 0.203047400506369 0.203027943329969 0.202925657593334 0.202735518139419 0.202459567430733 0.202106943067999 0.201694147450585 0.201245199923233 0.200790608033024 0.200364605181944 0.200001270045036 0.199730730556802 0.199576427435704 0.199553643613425 0.199668795392298 0.199919014965247 0.200292074359919 0.200766943429682 0.201315122959427 0.201902674561879 0.202492738272089 0.203048270891315 0.203534730965709 0.203922472302562 0.204188663242407 0.204318600908287 0.204306343997051 0.204154657316412 0.203874342461724 0.203483103339771 0.203004120801547 0.202464460168423 0.201893363841816 0.201320453266201 0.200773897556713 0.200278703678556 0.199855338654505 0.199518781530273 0.199277956899031 0.199135495119749 0.199087813483159 0.199125545974567 0.199234391290308 0.199396415935973 0.199591697101157 0.199800041545261 0.200002505275636 0.200182584199325 0.200327097166566 0.200426773936010 0.200476489485870 0.200475142046916 0.200425281200581 0.200332588354549 0.200205244554876 0.200053205186666 0.199887422022043 0.199719066448415 0.199558808810839 0.199416190370765 0.199299102884824 0.199213391652577 0.199162600356097 0.199147864525242 0.199167955072222 0.199219471521132 0.199297163149392 0.199394322380145 0.199503202028168 0.199615483058742 0.199722860239507 0.199817727417767 0.199893838933003 0.199946823850420 0.199974488090914 0.199976881436045 0.199956131438152 0.199916055033007 0.199861575643590 0.199798050392888 0.199730680098813 0.199664119941109 0.199602291667247 0.199548331139468 0.199504578675597 0.199472532471195 0.199452774467762 0.199444958259019 0.199447905931203 0.199459779663118 0.199478311668705 0.199501115770108 0.199526053082605 0.199551567602324 0.199576913198167 0.199602209725604 0.199628304062417 0.199656486407595 0.199688154366911 0.199724502729297 0.199766286245884 0.199813679782774 0.199866240346172 0.199922954506942 0.199982341680587 0.200042589066432 0.200101708541330 0.200157704423187 0.200208724913718 0.200253170063357 0.200289750068450];
ControlFilterX = [3.99999965997750 3.99999326715740 3.99994276550144 3.99969967627857 3.99886257695621 3.99660025620078 3.99150036490715 3.98149428246645 3.96387888696442 3.93542909915505 3.89257978354283 3.83165144007220 3.74910009795389 3.64178346246162 3.50723820108688 3.34394922452057 3.15157758650519 2.93111779798193 2.68496854336939 2.41690360061124 2.13193099128927 1.83604946807577 1.53593845811931 1.23861992284370 0.951113477856238 0.680095343921937 0.431574366854368 0.210604703493564 0.0210547208037259 -0.134554197086312 -0.255128862354183 -0.340998231935731 -0.393821826664848 -0.416425669406936 -0.412583485643804 -0.386758713934496 -0.343822231250616 -0.288765613669125 -0.226429395646841 -0.161258185185897 -0.0970978929777056 -0.0370604011639997 0.0165286000334713 0.0621075772662671 0.0988066190339543 0.126348081524132 0.144938026240953 0.155159326240613 0.157871997400924 0.154122117092473 0.145057147949784 0.131846507491170 0.115614016597864 0.0973924918318431 0.0781000188300324 0.0585260419406730 0.0393215686522230 0.0209987910770371 0.00393872338648515 -0.0116053701199942 -0.0255102607892282 -0.0377753478563375 -0.0484952370855091 -0.0578185794228403 -0.0659048609584706 -0.0728870819718530 -0.0788451126467815 -0.0837927047506543 -0.0876790688085005 -0.0904033235641433 -0.0918390560189553 -0.0918701265320371 -0.0904394583822038 -0.0875978699604829 -0.0835267399676137 -0.0785209739748793 -0.0729448823794199 -0.0671878132726284 -0.0616400173417891 -0.0566846758636441 -0.0526821303642361 -0.0499303253939820 -0.0486086584454415 -0.0487280474482388 -0.0501108949663198 -0.0524103997239422 -0.0551600312371281 -0.0578360525664828 -0.0599192512310676 -0.0609480101273818 -0.0605588665993828 -0.0585131518666715 -0.0547103627883788 -0.0491913486146656 -0.0421388613599788 -0.0338829490117082 -0.0249039984646582 -0.0158121606604783 -0.00729210363887733 -2.54009007177869e-05 0.00538538886395157 0.00847145128592297 0.00892712773150672 0.00662409215403614 0.00161970069505746 -0.00584148719837307 -0.0153388685936356 -0.0263024591885386 -0.0380534912375774 -0.0498547654417825 -0.0609654178263047 -0.0706946193141750 -0.0784494460512386 -0.0837732648481443 -0.0863720181657396 -0.0861268799410220 -0.0830931463282297 -0.0774868492344732 -0.0696620667954156 -0.0600824160309310 -0.0492892033684694 -0.0378672768363170 -0.0264090653240184 -0.0154779511342590 -0.00557407357112349 0.00289322690991023 0.00962436939454636 0.0144408620193837 0.0172900976050117 0.0182437303368121 0.0174890805086542 0.0153121741938334 0.0120716812805421 0.00816605797685666 0.00399916909478382 -5.01055127227756e-05 -0.00365168398650473 -0.00654194333131297 -0.00853547872019078 -0.00952978971740015 -0.00950284093832632 -0.00850562401162380 -0.00665176709098270 -0.00410489109751944 -0.00106410373332755 0.00225155955913436 0.00561867103170133 0.00882382378321056 0.0116761925846914 0.0140179423035230 0.0157321669484545 0.0167479928780701 0.0170427094951509 0.0166408985555672 0.0156105695773534 0.0140567370121691 0.0121135523971033 0.00993595943664327 0.00769033882516534 0.00554279520986578 0.00364545164465990 0.00212322133994303 0.00106352299159562 0.000510238181718470 0.000462371279090768 0.000877371236952529 0.00167889933985810 0.00276848712819189 0.00403899214224734 0.00538639802375007 0.00671760117783027 0.00795416665506421 0.00903337721063324 0.00990842648806334 0.0105493505761034 0.0109445106447637 0.0111008348196301 0.0110418813759450 0.0108044067376373 0.0104337666258914 0.00997768459783943 0.00947893834790770 0.00896864795351449 0.00846173603666844 0.00795580548791419 0.00743391875165533 0.00687027184809119 0.00623691266177173 0.00550994541406391 0.00467427508232754 0.00372640434452010 0.00267519307656061 0.00154090986115907 0.000353166388267212 -0.000851781328637391 -0.00203417082660140 -0.00315408846373988 -0.00417449827436356 -0.00506340126713523 -0.00579500136899280];
